Wed Apr 06 11:08:11 CEST 2016
height; width; depth

627;637;584
631;613;633
602;613;648
587;589;586
627;637;584
598;646;603
630;614;582
587;589;586
627;637;584
589;616;587
604;646;650
611;640;594
628;621;584
611;638;631
593;629;601
624;625;590
611;640;594
628;621;584
622;634;599
611;627;631
620;616;587
627;637;584
628;621;584
611;627;631
631;613;633
628;621;584
600;610;648
598;646;603
608;602;615
611;640;594
630;614;582
611;638;631
630;614;582
620;616;587
593;629;601
600;601;638
611;638;631
630;614;582
611;640;594
587;589;586
600;601;638
611;640;594
600;601;638
604;646;650
593;629;601
627;637;584
598;646;603
587;589;586
628;621;584
608;602;615
604;646;650
630;614;582
622;634;599
