Wed Apr 06 11:39:15 CEST 2016
height; width; depth

151;150;193
161;147;114
161;147;114
104;177;166
106;186;141
106;186;141
151;150;193
115;174;160
104;177;166
161;147;114
161;147;114
161;147;114
151;150;193
104;177;166
115;174;160
161;147;114
151;150;193
115;174;160
115;174;160
151;150;193
161;147;114
115;174;160
115;174;160
161;147;114
104;177;166
104;177;166
104;177;166
104;177;166
151;150;193
115;174;160
161;147;114
106;186;141
115;174;160
161;147;114
106;186;141
115;174;160
115;174;160
115;174;160
115;174;160
106;186;141
161;147;114
104;177;166
161;147;114
104;177;166
151;150;193
151;150;193
151;150;193
151;150;193
151;150;193
104;177;166
